state={
	id=1340
	name="STATE_1340"
	
	history={
		owner = ARG

	}
	
	provinces={
		14812 14813 14814 14815 14816 14817 14923 14934 14938 14946 14969 15011 15024 15051 15057 15058 15061 15084 15086 15098 15100 15101 15124 15127 15139 15168 15169 15172 15186 15188 15199 15203 15204 15212 15217 15223 15225 15227 15232 15236 15242 15248 15253 15256 15257 15258 15267 15270 15274 15275 15286 15288 15302 15303 15306 15312 15320 
	}
	manpower=0
	buildings_max_level_factor=1.000
	local_supplies=0.000
}
